/* h9_uv_lattice.h — auto-generated by export_uv_lattice.py — DO NOT EDIT */
#pragma once

/* U1 = H9K.lattice.U, V3 = 3 * H9K.lattice.V, ZOFF = 1/sqrt(3) */
static const double H9_UV_U1  = 0.235702260395515867;
static const double H9_UV_V3  = 0.408248290463863017;
static const double H9_UV_ZOFF = 0.577350269189625842; /* 1/sqrt(3) */

/* Per-octant matrix: (matrix.T @ orient).T from Python OctantBraw.backward.
   Apply as: u = cx*M[0][0]+cy*M[1][0]+ZOFF*M[2][0], etc. */
static const double H9_BRAW_COCT[8][3][3] = {
    /* oid=0 NEA */ {
        { 0.707106781186547462, -0.707106781186547684,  0.000000000000000222},
        { 0.408248290463863017,  0.408248290463862962, -0.816496580927725923},
        { 0.577350269189625842,  0.577350269189625842,  0.577350269189625842},
    },
    /* oid=1 NEP */ {
        {-0.707106781186547573, -0.707106781186547573,  0.000000000000000000},
        { 0.408248290463863184, -0.408248290463862906,  0.816496580927726034},
        {-0.577350269189625842,  0.577350269189625842,  0.577350269189625842},
    },
    /* oid=2 NWA */ {
        { 0.707106781186547573,  0.707106781186547573,  0.000000000000000000},
        {-0.408248290463863184,  0.408248290463862906,  0.816496580927726034},
        { 0.577350269189625842, -0.577350269189625842,  0.577350269189625842},
    },
    /* oid=3 NWP */ {
        {-0.707106781186547462,  0.707106781186547684,  0.000000000000000222},
        {-0.408248290463863017, -0.408248290463862962, -0.816496580927725923},
        {-0.577350269189625842, -0.577350269189625842,  0.577350269189625842},
    },
    /* oid=4 SEA */ {
        { 0.707106781186547573, -0.707106781186547573,  0.000000000000000000},
        {-0.408248290463863184, -0.408248290463862906, -0.816496580927726034},
        { 0.577350269189625842,  0.577350269189625842, -0.577350269189625842},
    },
    /* oid=5 SEP */ {
        {-0.707106781186547462, -0.707106781186547684, -0.000000000000000222},
        {-0.408248290463863017,  0.408248290463862962,  0.816496580927725923},
        {-0.577350269189625842,  0.577350269189625842, -0.577350269189625842},
    },
    /* oid=6 SWA */ {
        { 0.707106781186547462,  0.707106781186547684, -0.000000000000000222},
        { 0.408248290463863017, -0.408248290463862962,  0.816496580927725923},
        { 0.577350269189625842, -0.577350269189625842, -0.577350269189625842},
    },
    /* oid=7 SWP */ {
        {-0.707106781186547573,  0.707106781186547573,  0.000000000000000000},
        { 0.408248290463863184,  0.408248290463862906, -0.816496580927726034},
        {-0.577350269189625842, -0.577350269189625842, -0.577350269189625842},
    },
};

/* H9O.oid_mo: octant mode (0=down, 1=up) indexed by oid 0..7 */
static const int H9_OID_MO_UV[] = {0, 1, 1, 0, 1, 0, 0, 1};

/* H9O.oid_nb[oid][c2]: neighbour octant id for seam vertex reflection */
static const int H9_OID_NB[][3] = {
    {4, 2, 1},
    {5, 0, 3},
    {6, 3, 0},
    {7, 1, 2},
    {0, 5, 6},
    {1, 7, 4},
    {2, 4, 7},
    {3, 6, 5}
};

/* H9C.off_uv[H9R.downs] with U*3: child UV offsets for mode-0 supercell */
static const int H9_MODE0_OFS[][2] = {
    {-6, 2},
    {-3, 1},
    {0, 2},
    {3, 1},
    {6, 2},
    {-3, -1},
    {0, -2},
    {3, -1},
    {0, -4}
};

/* H9C.mode[H9R.downs]: mode of each mode-0 child */
static const int H9_MODE0_CHILD_MODE[] = {0, 1, 0, 1, 0, 0, 1, 0, 0};

/* H9C.off_uv[H9R.ups] with U*3: child UV offsets for mode-1 supercell */
static const int H9_MODE1_OFS[][2] = {
    {0, 4},
    {-3, 1},
    {0, 2},
    {3, 1},
    {-6, -2},
    {-3, -1},
    {0, -2},
    {3, -1},
    {6, -2}
};

/* H9C.mode[H9R.ups]: mode of each mode-1 child */
static const int H9_MODE1_CHILD_MODE[] = {1, 1, 0, 1, 1, 0, 1, 0, 1};

/* H9P.hi[mode][c2][vertex][u/v]: integer UV hex template (vertex 6 = centroid)
   shape (2, 3, 7, 2) — mode in {0,1}, c2 in {0,1,2}, vertex in {0..6} */
static const int H9_HI[2][3][7][2] = {
    /* mode 0 */ {
        /* c2=0 */ {{3, 1}, {2, 0}, {0, 0}, {-1, 1}, {0, 2}, {2, 2}, {1, 1}},
        /* c2=1 */ {{0, -2}, {-1, -1}, {0, 0}, {2, 0}, {3, -1}, {2, -2}, {1, -1}},
        /* c2=2 */ {{-3, 1}, {-1, 1}, {0, 0}, {-1, -1}, {-3, -1}, {-4, 0}, {-2, 0}},
    },
    /* mode 1 */ {
        /* c2=0 */ {{-1, -1}, {0, 0}, {2, 0}, {3, -1}, {2, -2}, {0, -2}, {1, 1}},
        /* c2=1 */ {{-1, 1}, {0, 0}, {-1, -1}, {-3, -1}, {-4, 0}, {-3, 1}, {1, -1}},
        /* c2=2 */ {{2, 0}, {0, 0}, {-1, 1}, {0, 2}, {2, 2}, {3, 1}, {-2, 0}},
    },
};

#define H9_N_CHILDREN 9  /* 9 cells per supercell */
#define H9_N_OCTANTS  8
#define H9_N_C2       3
